3 3 6
673.716	0	326.812	
0	674.414	225.448	
0	0	1	
1 5 6
0.141169	-1.31911	-0.00229943	-0.00468396	2.57963	
25
3 1 6
0.511755	
0.231257	
-0.00658809	
3 1 6
0.566747	
0.148418	
-0.446687	
3 1 6
0.522484	
-0.186021	
-0.871351	
3 1 6
0.422111	
-0.250703	
-1.44761	
3 1 6
-0.499845	
-0.265911	
0.146254	
3 1 6
-1.1019	
-0.0666813	
0.262892	
3 1 6
-1.14314	
0.107398	
-0.125941	
3 1 6
-0.843491	
0.437255	
-1.22887	
3 1 6
0.979039	
0.410906	
1.24284	
3 1 6
0.941601	
0.566063	
0.525367	
3 1 6
0.87814	
0.151937	
0.089618	
3 1 6
0.548313	
0.231227	
-0.11935	
3 1 6
0.508667	
0.0595693	
0.121638	
3 1 6
0.675574	
0.194818	
-0.00601249	
3 1 6
0.64864	
0.148096	
-0.0312746	
3 1 6
0.593153	
0.0134811	
-0.977272	
3 1 6
0.469273	
0.556848	
1.17271	
3 1 6
-0.132611	
-0.426507	
1.36515	
3 1 6
0.235465	
0.0849744	
-0.0534169	
3 1 6
-0.943239	
-0.299951	
-0.120928	
3 1 6
-1.33496	
-0.127229	
0.0920094	
3 1 6
-1.09776	
0.149726	
-0.238456	
3 1 6
1.13287	
0.0550057	
0.0589973	
3 1 6
0.46812	
0.552021	
1.06011	
3 1 6
0.529894	
-0.917629	
-1.25851	
25
3 1 6
-17.2822	
-16.2674	
65.5546	
3 1 6
-24.7943	
-10.9714	
65.1792	
3 1 6
-28.6098	
-3.64736	
64.5466	
3 1 6
-27.0745	
4.41322	
66.4255	
3 1 6
-23.817	
-2.27069	
62.7441	
3 1 6
-17.002	
3.59629	
60.011	
3 1 6
-8.31285	
6.89514	
57.1746	
3 1 6
5.56551	
11.409	
61.7097	
3 1 6
9.90115	
-13.9405	
49.5388	
3 1 6
4.33691	
-18.2058	
57.4473	
3 1 6
-11.8613	
-15.8552	
50.8699	
3 1 6
-25.4455	
-12.6483	
60.0607	
3 1 6
-7.56983	
-16.0276	
58.1663	
3 1 6
-13.8807	
-7.92238	
63.4609	
3 1 6
-15.7348	
-8.83558	
82.6043	
3 1 6
-36.8984	
-0.522025	
81.7507	
3 1 6
5.32293	
-8.73744	
83.145	
3 1 6
11.9293	
-7.53747	
90.1632	
3 1 6
-35.6305	
3.31708	
77.1511	
3 1 6
-14.9503	
0.276307	
42.3649	
3 1 6
-12.9208	
5.15159	
43.91	
3 1 6
-14.9529	
-0.496415	
43.0163	
3 1 6
-11.6838	
-7.70829	
32.4263	
3 1 6
-11.5745	
-8.9557	
73.1912	
3 1 6
-18.7864	
12.036	
65.1406	
# ROBO'LYON CAMERA CALIBRATION DATA -FIRST 2019- #
# Video Reference Screen Size:640x480
